ncpu        =          8
ndim        =          3
levelmin    =          4
levelmax    =          6
ngridmax    =     375000
nstep_coarse=         11

boxlen      =  0.500000000000000E+00
time        =  0.103455102665572E-02
aexp        =  0.100000000000000E+01
H0          =  0.100000000000000E+01
omega_m     =  0.100000000000000E+01
omega_l     =  0.000000000000000E+00
omega_k     =  0.000000000000000E+00
omega_b     =  0.450000000000000E-01
unit_l      =  0.100000000000000E+01
unit_d      =  0.100000000000000E+01
unit_t      =  0.100000000000000E+01

ordering type=hilbert                                                                         
   DOMAIN   ind_min                 ind_max
       1   0.000000000000000E+00   0.262144000000000E+06
       2   0.262144000000000E+06   0.524288000000000E+06
       3   0.524288000000000E+06   0.786432000000000E+06
       4   0.786432000000000E+06   0.104857600000000E+07
       5   0.104857600000000E+07   0.131072000000000E+07
       6   0.131072000000000E+07   0.157286400000000E+07
       7   0.157286400000000E+07   0.183500800000000E+07
       8   0.183500800000000E+07   0.209715200000000E+07
